P3
16 16
255
107 116 137
107 116 137
107 116 137
107 116 137
107 116 137
107 116 137
107 116 137
107 116 137
107 116 137
107 116 137
107 116 137
107 116 137
107 116 137
107 116 137
107 116 137
99 107 127
107 116 137
123 133 158
123 133 158
123 133 158
123 133 158
123 133 158
115 125 147
115 125 147
115 125 147
123 133 158
123 133 158
123 133 158
123 133 158
123 133 158
123 133 158
99 107 127
107 116 137
123 133 158
119 129 153
119 129 153
119 129 153
119 129 153
119 129 153
115 125 147
123 133 158
119 129 153
119 129 153
119 129 153
119 129 153
119 129 153
119 129 153
99 107 127
107 116 137
123 133 158
119 129 153
119 129 153
119 129 153
119 129 153
119 129 153
115 125 147
123 133 158
119 129 153
119 129 153
119 129 153
119 129 153
119 129 153
119 129 153
99 107 127
107 116 137
123 133 158
119 129 153
119 129 153
119 129 153
119 129 153
115 125 147
115 125 147
115 125 147
123 133 158
119 129 153
119 129 153
119 129 153
119 129 153
119 129 153
99 107 127
107 116 137
115 125 147
115 125 147
115 125 147
115 125 147
115 125 147
115 125 147
115 125 147
115 125 147
115 125 147
115 125 147
115 125 147
115 125 147
115 125 147
115 125 147
99 107 127
107 116 137
123 133 158
115 125 147
115 125 147
115 125 147
121 131 155
123 133 158
123 133 158
123 133 158
123 133 158
123 133 158
123 133 158
115 125 147
115 125 147
123 133 158
99 107 127
107 116 137
119 129 153
119 129 153
115 125 147
123 133 158
119 129 153
119 129 153
119 129 153
119 129 153
119 129 153
119 129 153
119 129 153
119 129 153
115 125 147
123 133 158
99 107 127
107 116 137
119 129 153
119 129 153
115 125 147
123 133 158
119 129 153
119 129 153
119 129 153
119 129 153
119 129 153
119 129 153
119 129 153
119 129 153
115 125 147
123 133 158
99 107 127
107 116 137
119 129 153
115 125 147
115 125 147
115 125 147
123 133 158
119 129 153
119 129 153
119 129 153
119 129 153
119 129 153
119 129 153
115 125 147
115 125 147
123 133 158
99 107 127
107 116 137
115 125 147
115 125 147
115 125 147
115 125 147
115 125 147
115 125 147
115 125 147
115 125 147
115 125 147
115 125 147
115 125 147
115 125 147
115 125 147
115 125 147
99 107 127
107 116 137
123 133 158
123 133 158
123 133 158
123 133 158
123 133 158
123 133 158
115 125 147
115 125 147
115 125 147
123 133 158
123 133 158
123 133 158
123 133 158
123 133 158
99 107 127
107 116 137
123 133 158
119 129 153
119 129 153
119 129 153
119 129 153
119 129 153
119 129 153
115 125 147
123 133 158
119 129 153
119 129 153
119 129 153
119 129 153
119 129 153
99 107 127
107 116 137
123 133 158
119 129 153
119 129 153
119 129 153
119 129 153
119 129 153
119 129 153
115 125 147
123 133 158
119 129 153
119 129 153
119 129 153
119 129 153
119 129 153
99 107 127
107 116 137
123 133 158
119 129 153
119 129 153
119 129 153
119 129 153
119 129 153
115 125 147
115 125 147
115 125 147
123 133 158
119 129 153
119 129 153
119 129 153
119 129 153
99 107 127
99 107 127
99 107 127
99 107 127
99 107 127
99 107 127
99 107 127
99 107 127
99 107 127
99 107 127
99 107 127
99 107 127
99 107 127
99 107 127
99 107 127
99 107 127
99 107 127
